Writing to a fileundefined
undefined
undefined
undefined
undefined
undefined
undefined
undefined
undefined
undefined
1716455993977
1716455993977
1716455993978
1716455993978
1716455993979
1716455993979
1716455993979
1716455993980
1716455993982
1716455993983
1716456062156
1716456062158
1716456062158
1716456062159
1716456062159
1716456062160
1716456062161
1716456062162
1716456062162
1716456062162
1716456103194
1716456103195
1716456103196
1716456103196
1716456103196
1716456103197
1716456103197
1716456103197
1716456103198
1716456103198
1716456330220
1716456330221
1716456330222
1716456330222
1716456330223
1716456330223
1716456330223
1716456330224
1716456330224
1716456330225
